1.000000 0.000000 0.000000 0.000000 0.000000 1.000000 0.000000 0.000000 0.000000 0.000000 1.000000 0.000000
0.985084 -0.000684 0.172064 -0.996881 0.000953 0.999996 -0.002227 0.001347 -0.172066 0.000734 0.985087 0.078889
0.942059 -0.000187 0.335439 -1.943551 0.001018 0.999993 -0.003783 0.002378 -0.335443 0.000961 0.942063 0.314596
0.872184 0.000589 0.489135 -2.837452 -0.001956 0.999963 0.001391 0.005988 -0.489154 0.000937 0.872221 0.727359
0.776293 0.000384 0.630337 -3.650510 -0.003090 0.999960 0.003604 0.005932 -0.630354 0.000590 0.776334 1.269462
0.653297 0.001025 0.757076 -4.372640 -0.002678 0.999957 0.002330 0.003981 -0.757081 -0.000045 0.653345 1.980929
0.510529 0.001300 0.859831 -4.952874 0.001243 0.999934 -0.000851 -0.003651 -0.859854 0.000195 0.510583 2.810899
0.354080 0.001246 0.935196 -5.378349 0.002055 0.999933 -0.001181 -0.008238 -0.935209 -0.000261 0.354139 3.705532
0.185661 0.001339 0.982604 -5.654507 0.000560 0.999930 -0.000976 -0.000459 -0.982609 -0.000448 0.185723 4.639491
0.009260 0.000851 0.999958 -5.774116 0.000976 0.999930 -0.000666 -0.006625 -0.999953 -0.000918 0.009324 5.681172
-0.166987 0.000366 0.985971 -5.715579 0.000271 0.999929 -0.000410 -0.002079 -0.985955 -0.000704 -0.166923 6.670750
-0.335053 0.000283 0.942214 -5.497116 -0.003464 0.999911 -0.001359 0.025775 -0.942203 -0.000690 -0.334994 7.663981
-0.491733 -0.000195 0.870766 -5.110002 -0.000943 0.999905 0.000158 0.000841 -0.870752 -0.000622 -0.491682 8.590833
-0.638396 -0.001186 0.769734 -4.539742 0.000123 0.999902 0.001989 -0.017663 -0.769713 -0.000153 -0.638353 9.463384
-0.763458 -0.000378 0.645892 -3.819892 0.000985 0.999903 0.001695 -0.017148 -0.645862 0.000091 -0.763421 10.218603
-0.864386 -0.000063 0.502863 -2.975989 0.002856 0.999895 0.003824 -0.045120 -0.502829 0.000220 -0.864362 10.821080
-0.938749 -0.000202 0.344640 -2.037801 0.002308 0.999893 0.003291 -0.033886 -0.344607 0.001054 -0.938726 11.272973
-0.984151 -0.000515 0.177362 -1.048357 0.001229 0.999889 0.001106 -0.006687 -0.177330 0.001357 -0.984138 11.522253
-0.999983 0.000193 0.004746 -0.036639 0.001887 0.999874 0.004653 -0.043614 -0.004698 0.002063 -0.999986 11.590138
-0.985833 0.000876 -0.167568 0.963368 0.002685 0.999859 -0.000597 0.014570 0.167627 0.001489 -0.985870 11.511415
-0.942704 0.000414 -0.333382 1.918436 -0.000567 0.999747 0.009268 -0.095565 0.333510 0.002371 -0.942828 11.277318
-0.872513 0.000078 -0.488409 2.816620 -0.001659 0.999744 0.009812 -0.102017 0.488508 0.002689 -0.872653 10.864210
-0.775326 0.000318 -0.631422 3.652716 -0.000511 0.999745 0.007792 -0.077032 0.631496 0.002634 -0.775486 10.287227
-0.656174 0.000350 -0.754505 4.382103 -0.003017 0.999727 0.009793 -0.106936 0.754554 0.002494 -0.656354 9.596138
-0.511392 0.001314 -0.859277 5.014688 -0.003518 0.999722 0.010847 -0.120587 0.859300 0.001976 -0.511583 8.752678
-0.353724 0.001842 -0.935301 5.477012 -0.008701 0.999684 0.013384 -0.161536 0.935323 0.002849 -0.353884 7.815828
-0.183945 0.002134 -0.982919 5.762437 -0.009782 0.999681 0.013453 -0.167258 0.982909 0.002649 -0.184105 6.785131
-0.010591 0.002358 -0.999947 5.852593 -0.014656 0.999648 0.013607 -0.193401 0.999923 0.002707 -0.010736 5.751457
0.165744 0.002473 -0.986201 5.747397 -0.013191 0.999650 0.013421 -0.185318 0.986151 0.002067 0.165600 4.714913
0.332876 0.003015 -0.943022 5.461132 -0.012334 0.999651 0.013887 -0.183415 0.942954 0.001405 0.332743 3.748089
0.489369 0.002861 -0.872155 5.013448 -0.011298 0.999652 0.013977 -0.179421 0.872063 0.000691 0.489244 2.860429
0.632265 0.002566 -0.774854 4.419783 -0.009085 0.999648 0.015027 -0.171104 0.774741 0.000446 0.632159 2.036119
0.755337 0.003221 -0.655432 3.702735 -0.011054 0.999641 0.013962 -0.177475 0.655317 -0.000134 0.755259 1.328592
0.855429 0.002129 -0.518049 2.885548 -0.008756 0.999637 0.015294 -0.170044 0.517912 -0.000421 0.855367 0.778731
0.931789 0.002482 -0.363099 1.968126 -0.007578 0.999621 0.018882 -0.173457 0.362961 -0.001395 0.931762 0.351473
0.980153 0.002185 -0.198308 0.992293 -0.007222 0.999618 0.020015 -0.173859 0.198167 -0.001785 0.980151 0.096193
0.999775 0.001912 -0.020412 -0.064634 -0.006975 0.999603 0.022641 -0.169565 0.020285 -0.001462 0.999820 0.005132
0.988947 0.001876 0.148012 -1.067730 -0.007282 0.999600 0.023764 -0.171936 -0.148124 -0.002125 0.989007 0.142089
0.949894 0.001856 0.312400 -2.033191 -0.007255 0.999601 0.022206 -0.170958 -0.312494 -0.002288 0.949980 0.390952
0.883762 0.002056 0.467772 -2.943464 -0.010102 0.999550 0.027451 -0.166807 -0.467849 -0.002610 0.883900 0.820531
0.791329 0.001226 0.611262 -3.769573 -0.011183 0.999538 0.029691 -0.166690 -0.611327 -0.003155 0.791470 1.381534
0.671441 0.001195 0.740975 -4.501484 -0.010801 0.999539 0.028407 -0.168790 -0.740991 -0.003879 0.671586 2.115073
0.531210 0.000796 0.847184 -5.087300 -0.006958 0.999536 0.025131 -0.177020 -0.847196 -0.003610 0.531374 2.968417
0.376639 0.000090 0.926334 -5.514247 -0.006155 0.999538 0.024782 -0.181808 -0.926317 -0.003921 0.376799 3.886470
0.209423 -0.000437 0.977832 -5.788136 -0.007644 0.999530 0.025023 -0.173701 -0.977786 -0.003851 0.209580 4.843002
0.033504 -0.001497 0.999463 -5.901690 -0.007221 0.999531 0.025323 -0.180063 -0.999398 -0.003954 0.033643 5.908745
-0.143022 -0.002480 0.989758 -5.833217 -0.007920 0.999527 0.025595 -0.175327 -0.989681 -0.003279 -0.142888 6.919091
-0.312095 -0.002966 0.950104 -5.601888 -0.011676 0.999500 0.024737 -0.146465 -0.950020 -0.002734 -0.311974 7.932192
-0.470454 -0.003746 0.882479 -5.198617 -0.009119 0.999497 0.026192 -0.172220 -0.882393 -0.002078 -0.470354 8.876060
-0.619512 -0.004938 0.785022 -4.608469 -0.008009 0.999494 0.027997 -0.191257 -0.784947 -0.000956 -0.619431 9.762924
-0.747544 -0.004214 0.664282 -3.866664 -0.007155 0.999498 0.027682 -0.190784 -0.664172 -0.000042 -0.747471 10.528849
-0.851912 -0.003863 0.523760 -2.999072 -0.005233 0.999490 0.029765 -0.219607 -0.523634 0.000758 -0.851861 11.137614
-0.930087 -0.003851 0.367390 -2.036304 -0.005793 0.999489 0.029245 -0.208024 -0.367273 0.002245 -0.930034 11.591634
-0.979529 -0.003902 0.201258 -1.022573 -0.006925 0.999486 0.027087 -0.180038 -0.201154 0.003160 -0.979498 11.837900
-0.999548 -0.002832 0.029096 0.012194 -0.006180 0.999464 0.030616 -0.217958 -0.028968 0.004423 -0.999526 11.898349
-0.989588 -0.001698 -0.143494 1.033413 -0.005510 0.999464 0.025348 -0.158276 0.143650 0.004335 -0.989625 11.809444
-0.950491 -0.001636 -0.310322 2.007395 -0.008521 0.999319 0.035286 -0.271140 0.310516 0.005615 -0.950611 11.561926
-0.884079 -0.001391 -0.467021 2.921922 -0.009599 0.999312 0.035856 -0.277710 0.467164 0.006233 -0.884222 11.131895
-0.790394 -0.000519 -0.612352 3.771621 -0.008500 0.999321 0.033810 -0.252111 0.612463 0.006379 -0.790566 10.534973
-0.674267 0.000164 -0.738299 4.511284 -0.010958 0.999290 0.035870 -0.282713 0.738372 0.006327 -0.674469 9.822559
-0.532080 0.001813 -0.846541 5.150661 -0.011433 0.999282 0.036936 -0.296708 0.846600 0.005781 -0.532304 8.955361
-0.376311 0.002997 -0.926368 5.615428 -0.016552 0.999222 0.039598 -0.338534 0.926416 0.006508 -0.376479 7.993736
-0.207743 0.003914 -0.978098 5.898728 -0.017631 0.999215 0.039692 -0.344377 0.978107 0.006048 -0.207914 6.937579
-0.034860 0.004701 -0.999336 5.982126 -0.022499 0.999167 0.039965 -0.371079 0.999319 0.005745 -0.035008 5.880019
0.141751 0.005315 -0.989884 5.865586 -0.021039 0.999175 0.039743 -0.362827 0.989835 0.004645 0.141595 4.821310
0.309872 0.006258 -0.950773 5.564277 -0.020171 0.999177 0.040188 -0.360883 0.950711 0.003456 0.309724 3.835474
0.468035 0.006407 -0.883741 5.098635 -0.019134 0.999181 0.040253 -0.356811 0.883644 0.002157 0.467887 2.932094
0.613247 0.006311 -0.789954 4.484563 -0.016896 0.999181 0.041248 -0.348289 0.789821 0.001280 0.613123 2.094551
0.739171 0.007053 -0.673547 3.745258 -0.018890 0.999170 0.040232 -0.354815 0.673426 0.000047 0.739080 1.377540
0.842572 0.005937 -0.538669 2.905091 -0.016561 0.999170 0.041507 -0.347196 0.538496 -0.000892 0.842497 0.822734
0.922663 0.006152 -0.385615 1.963426 -0.015295 0.999149 0.045065 -0.350580 0.385455 -0.002514 0.922616 0.394088
0.975011 0.005610 -0.222057 0.963558 -0.014912 0.999144 0.046189 -0.350952 0.221891 -0.003515 0.974994 0.141684
0.998943 0.004973 -0.044698 -0.117813 -0.014601 0.999125 0.048807 -0.346394 0.044540 -0.003776 0.998996 0.057624
0.992204 0.004505 0.123940 -1.142702 -0.014881 0.999118 0.049938 -0.348764 -0.124071 -0.004920 0.992270 0.206772
0.957151 0.003976 0.289229 -2.127595 -0.014892 0.999122 0.048380 -0.347840 -0.289333 -0.005486 0.957251 0.469530
0.894808 0.003607 0.446172 -3.054749 -0.017610 0.999050 0.053691 -0.343130 -0.446239 -0.006119 0.894964 0.916783
0.805891 0.002158 0.591849 -3.894257 -0.018636 0.999030 0.055956 -0.342835 -0.591909 -0.006877 0.806041 1.497607
0.689188 0.001458 0.724442 -4.636134 -0.018286 0.999035 0.054663 -0.345088 -0.724433 -0.007707 0.689330 2.254233
0.551581 0.000384 0.834024 -5.227531 -0.014524 0.999051 0.051295 -0.353939 -0.834006 -0.007425 0.551751 3.131981
0.398985 -0.000975 0.916896 -5.655777 -0.013729 0.999056 0.050926 -0.358934 -0.916849 -0.007607 0.399140 4.074446
0.233076 -0.002128 0.972436 -5.927060 -0.015212 0.999043 0.051203 -0.350487 -0.972357 -0.007295 0.233225 5.054478
0.057747 -0.003770 0.998317 -6.034070 -0.014782 0.999045 0.051492 -0.357052 -0.998229 -0.007045 0.057863 6.145207
-0.118950 -0.005262 0.992887 -5.955022 -0.015474 0.999038 0.051782 -0.352118 -0.992803 -0.005921 -0.118836 7.177086
-0.288926 -0.006163 0.957348 -5.710087 -0.019250 0.999002 0.051014 -0.322211 -0.957259 -0.004855 -0.288824 8.210734
-0.448868 -0.007259 0.893578 -5.289816 -0.016658 0.999004 0.052407 -0.348819 -0.893501 -0.003620 -0.448787 9.172148
-0.600232 -0.008669 0.799747 -4.678817 -0.015504 0.998999 0.054184 -0.368408 -0.799711 -0.001850 -0.600164 10.073709
-0.731158 -0.008043 0.682179 -3.914044 -0.014658 0.999006 0.053849 -0.367980 -0.682088 -0.000268 -0.731083 10.850554
-0.838903 -0.007674 0.544248 -3.021726 -0.012686 0.999000 0.055884 -0.397686 -0.544134 0.001203 -0.838844 11.465629
-0.920846 -0.007525 0.389827 -2.033350 -0.013258 0.998998 0.055377 -0.385741 -0.389731 0.003347 -0.920762 11.921617
-0.974301 -0.007331 0.224947 -0.994358 -0.014443 0.998997 0.053248 -0.356940 -0.224872 0.004880 -0.974232 12.164511
-0.998499 -0.005913 0.053350 0.064347 -0.013613 0.998969 0.056758 -0.395889 -0.053238 0.006709 -0.998414 12.216994
-0.992736 -0.004339 -0.119403 1.107718 -0.013070 0.998983 0.051475 -0.334658 0.119565 0.007118 -0.992720 12.117255
-0.957699 -0.003763 -0.287132 2.101415 -0.015838 0.998806 0.061479 -0.450340 0.287314 0.008807 -0.957748 11.855521
-0.895112 -0.002946 -0.445397 3.032940 -0.016902 0.998794 0.062075 -0.457030 0.445517 0.009740 -0.895176 11.407637
-0.804989 -0.001446 -0.592943 3.896739 -0.015853 0.998811 0.060003 -0.430797 0.593039 0.010101 -0.805081 10.789728
-0.691959 -0.000114 -0.721663 4.646996 -0.018260 0.998768 0.062122 -0.462115 0.721724 0.010152 -0.692084 10.054894
-0.552457 0.002220 -0.833292 5.293299 -0.018709 0.998756 0.063199 -0.476465 0.833370 0.009595 -0.552610 9.162776
-0.398683 0.004062 -0.916857 5.760433 -0.023761 0.998674 0.065983 -0.519187 0.916934 0.010192 -0.398756 8.175195
-0.231432 0.005610 -0.972653 6.041316 -0.024838 0.998664 0.066103 -0.525152 0.972701 0.009488 -0.231510 7.092408
-0.059126 0.006968 -0.998073 6.117465 -0.029697 0.998601 0.066493 -0.552418 0.998102 0.008838 -0.059179 6.009889
