  0.598607  -0.687077   0.411820   4.072570
 -0.019878   0.501205   0.865100  -1.080929
 -0.800797  -0.526041   0.286367   3.299450
  0.983080   0.072278  -0.168316   0.853427
 -0.157179   0.804720  -0.572469   3.752437
  0.094070   0.589238   0.802464  -2.421428
  0.994330  -0.100747   0.034019   6.043780
  0.089859   0.625040  -0.775403  -0.060662
  0.056856   0.774064   0.630550   3.526538
  0.375188   0.886855   0.269670  -4.014125
 -0.610990   0.455384  -0.647547   0.010190
 -0.697083   0.078186   0.712714  -6.784135
  0.618135  -0.571289  -0.539942  -1.998117
  0.385041   0.818891  -0.425630  -6.964158
  0.685312   0.055197   0.726155   2.862141
  0.882442   0.458640   0.104623   0.737947
 -0.253341   0.650726  -0.715803  -1.848360
 -0.396377   0.605149   0.690420  -3.569956
  0.749114   0.471118  -0.465700   3.110882
 -0.201640   0.831812   0.517136   0.210718
  0.631007  -0.293490   0.718118  -3.375739
  0.604909   0.582067  -0.543399  -3.790261
 -0.766023   0.238993  -0.596733  -1.501304
 -0.217470   0.777226   0.590446   1.540945
  0.815090  -0.375925   0.440805   2.023417
  0.459274   0.883077  -0.096139   0.760302
 -0.353123   0.280812   0.892440  -2.341070
  0.867313  -0.312180  -0.387700   6.974280
  0.447433   0.830241   0.332422  -3.450970
  0.218109  -0.461784   0.859758   1.485266
  0.583371  -0.396508  -0.708844   2.575654
  0.362045   0.908185  -0.210055  -4.257105
  0.727050  -0.134093   0.673362   2.077630
  0.976462  -0.214900  -0.018459  -1.478164
  0.215355   0.966584   0.139063  -2.366453
 -0.012043  -0.139765   0.990112  -2.315076
  0.803027   0.297459   0.516398  -2.467466
 -0.292258   0.951734  -0.093745   0.854617
 -0.519358  -0.075641   0.851202  -0.542858
  0.937334   0.332574   0.103920  -4.446871
 -0.342412   0.934418   0.098067   1.897555
 -0.064490  -0.127505   0.989739  -1.763536
  0.858681  -0.427269  -0.283036   0.281365
  0.361877   0.896525  -0.255517  -0.767478
  0.362923   0.116984   0.924447  -4.465279
  0.866193   0.298061  -0.401085   0.763078
  0.095339   0.689321   0.718155  -5.183492
  0.490530  -0.660300   0.568668  -0.282654
  0.939092   0.338992   0.056484  -4.191480
 -0.342925   0.935108   0.089307   0.448236
 -0.022544  -0.103237   0.994401   4.990290
  0.943735   0.057172   0.325723   3.530303
  0.142300   0.818891  -0.556029  -2.643868
 -0.298521   0.571094   0.764681  -1.305986
  0.934221  -0.353586  -0.046981  -1.081347
  0.343212   0.926950  -0.151554   5.505149
  0.097136   0.125460   0.987332   5.272104
  0.773832  -0.433079   0.462198   6.642223
  0.587853   0.762755  -0.269508   5.356523
 -0.235826   0.480258   0.844830  -3.134183
  0.877067  -0.012677  -0.480200  -2.392285
 -0.010397   0.998917  -0.045361   1.774924
  0.480255   0.044777   0.875985   2.737317
  0.791544  -0.598406   0.123969  -0.438431
  0.610442   0.764739  -0.206240   1.591335
  0.028612   0.238924   0.970617   2.004155
  0.943214   0.206760   0.259994   0.915143
 -0.323098   0.752833   0.573455  -2.469833
 -0.077165  -0.624894   0.776887  -0.878349
  0.600644   0.778108  -0.183779   3.501752
 -0.451146   0.519624   0.725575   0.830478
  0.660071  -0.352901   0.663149   2.632248
  0.560893  -0.589996  -0.580778  -4.204135
  0.477468   0.803626  -0.355261   0.002319
  0.676331  -0.078040   0.732452  -4.741211
  0.142791  -0.185117   0.972287  -0.389285
 -0.964006   0.196594   0.179005  -5.713641
 -0.224282  -0.962851  -0.150383   2.282476
  0.002939   0.013394   0.999906   0.924340
  0.638105   0.769853  -0.012188  -5.367704
 -0.769944   0.638081  -0.006284  -1.192780
  0.986800   0.133768  -0.091274   0.769982
 -0.078478   0.888041   0.453016   1.437416
  0.141654  -0.439874   0.886818  -5.220074
  0.706087   0.527431   0.472501   0.101900
 -0.115806   0.744280  -0.657751   6.015847
 -0.698592   0.409711   0.586606  -3.187521
  0.871871  -0.000535  -0.489735   0.999324
 -0.133806   0.961690  -0.239265  -4.174775
  0.471101   0.274138   0.838398   2.179532
  0.774202   0.618474  -0.134537   3.609193
 -0.619276   0.696256  -0.362938  -4.192373
 -0.130795   0.364303   0.922050  -5.748119
  0.900163   0.435228   0.016838   3.787198
 -0.406627   0.853605  -0.325596   3.072990
 -0.156082   0.286243   0.945359  -3.542856
  0.416300   0.113274  -0.902144  -1.785293
  0.100098   0.980468   0.169299   2.170504
  0.903700  -0.160782   0.396831  -2.853510
  0.889678   0.179914   0.419647   2.402707
 -0.216566   0.975409   0.040948  -3.839430
 -0.401960  -0.127312   0.906763   9.912642
  0.993055  -0.060607   0.100838  -3.312527
  0.041005   0.981657   0.186193   3.757134
 -0.110273  -0.180765   0.977325  -5.287902
  0.936268   0.248469   0.248327  -1.934149
 -0.290809   0.944770   0.151129   2.418466
 -0.197061  -0.213713   0.956814  -0.058674
  0.924597   0.285083   0.252681  -2.164124
 -0.375187   0.796370   0.474374  -2.659703
 -0.065992  -0.533407   0.843280   2.242139
  0.939393   0.297677  -0.170086  -8.319694
 -0.338135   0.886371  -0.316246  -1.440834
  0.056620   0.354591   0.933305  -5.614200
  0.034628   0.924747  -0.379004  -2.500177
 -0.221406   0.376907   0.899400  -4.684932
  0.974567   0.052769   0.217796  13.153612
  0.324083  -0.260469   0.909465   1.438384
 -0.285373   0.889652   0.356486   3.655000
 -0.901960  -0.375068   0.213990   1.257050
  0.858500  -0.405955  -0.313335   3.860500
  0.474731   0.860203   0.186231  -6.511331
  0.193930  -0.308629   0.931203   1.998020
  0.930891  -0.305421  -0.200399   3.100620
  0.365250   0.769506   0.523883  -2.370634
 -0.005797  -0.560874   0.827881  -6.950379
  0.813849   0.577860   0.061059  -0.103060
 -0.573487   0.815700  -0.075803   0.822379
 -0.093609   0.026676   0.995252  -2.452457
  0.742124  -0.104888  -0.662005  -1.957843
  0.244709   0.961901   0.121921   1.958083
  0.623995  -0.252479   0.739516  -1.888261
  0.723339   0.293294   0.625107  -4.132744
  0.589517   0.209045  -0.780237   0.777323
 -0.359515   0.932887  -0.021691  -3.531128
  0.473158  -0.745356  -0.469644   0.549749
  0.798739   0.138046   0.585627   3.554689
 -0.371668  -0.652217   0.660663  -1.463643
  0.946351  -0.311424   0.086224  -2.089120
  0.299743   0.945688   0.125813   3.051071
 -0.120722  -0.093218   0.988300  -1.797453
  0.527371  -0.309863  -0.791116   3.387788
  0.518143   0.855230   0.010428   2.789538
  0.673356  -0.415411   0.611577   2.875443
  0.379188   0.501421  -0.777685  -0.253093
 -0.804352   0.594082  -0.009150   2.498946
  0.457421   0.629002   0.628588  -1.541924
  0.918314  -0.004087  -0.395831  -0.989086
 -0.014389   0.998941  -0.043697   0.687245
  0.395590   0.045823   0.917283   1.675751
  0.989086  -0.072397   0.128326   0.808385
  0.126033   0.866856  -0.482366  -0.322517
 -0.076318   0.493275   0.866519  -6.813436
  0.908365   0.417483  -0.024107  -3.538880
 -0.417543   0.908653   0.002729  -1.074399
  0.023045   0.007587   0.999706  -0.735137
  0.874249   0.303850  -0.378635  -2.594583
 -0.312665   0.949035   0.039664  -5.949114
  0.371390   0.083710   0.924696  -2.087811
  0.908321  -0.275274   0.314923  -4.179567
 -0.022092   0.720288   0.693323  -0.159483
 -0.417690  -0.636717   0.648172   1.886661
  0.941656  -0.025051   0.335644   7.020771
 -0.189652   0.784354   0.590611   1.246404
 -0.278059  -0.619808   0.733840  -3.164611
  0.956848  -0.289369  -0.026584   2.597422
  0.283435   0.949554  -0.134207  -5.685342
  0.064078   0.120881   0.990597   6.265831
  0.802708   0.462375  -0.376656  -0.403422
 -0.100477   0.727404   0.678814   2.976172
  0.587848  -0.507044   0.630350   1.342947
  0.825256  -0.564754  -0.002365  -0.871422
  0.513969   0.752768  -0.411312  -1.306776
  0.234070   0.338222   0.911492   2.063138
  0.996048   0.061749   0.063835  -2.475774
 -0.072397   0.980842   0.180853  -1.144543
 -0.051445  -0.184760   0.981436  10.542426
  0.805389  -0.206389  -0.555655   0.361451
  0.359509   0.915404   0.181075   8.889515
  0.471277  -0.345599   0.811455   6.850458
  0.393478  -0.361352  -0.845340  -6.000030
  0.745064   0.664015   0.062961   4.181274
  0.538567  -0.654606   0.530505   4.398721
  0.988962   0.082573  -0.123026   1.301272
 -0.055327   0.976058   0.210358   1.634792
  0.137451  -0.201230   0.969853   0.622927
  0.740546   0.666885   0.082802   0.469235
 -0.665577   0.744875  -0.046566  -1.433499
 -0.092732  -0.020627   0.995477   4.796655
  0.895604  -0.210579   0.391855   4.484178
  0.380661   0.818594  -0.430118  -3.252141
 -0.230196   0.534379   0.813295   2.731465
 -0.037114   0.989249  -0.141452  -0.190177
 -0.922758  -0.088260  -0.375136  -2.813523
 -0.383588   0.116603   0.916114  -1.801849
  0.678888  -0.486509   0.549928 -11.296285
  0.511874   0.850559   0.120560  -0.755314
 -0.526400   0.199647   0.826465  -2.792722
  0.958455   0.255026   0.127774   2.963127
 -0.272975   0.690099   0.670259  -1.874885
  0.082757  -0.677292   0.731045   1.269109
  0.824964   0.499173   0.265066  -0.233130
 -0.564133   0.755854   0.332324   0.661500
 -0.034464  -0.423688   0.905152   3.207263
  0.854527  -0.318412   0.410363  -0.840269
  0.505413   0.691894  -0.515597   0.472955
 -0.119755   0.647994   0.752172  -4.246806
  0.993487   0.096093   0.061230   2.060189
 -0.038185   0.787086  -0.615660  -1.019281
 -0.107354   0.609313   0.785629  -6.426447
  0.823451  -0.502370  -0.263727   4.553667
  0.547653   0.582214   0.600918  -3.802180
 -0.148337  -0.639258   0.754550  -3.152076
  0.956720   0.282145  -0.071279   2.682345
 -0.284905   0.958025  -0.031894   0.186507
  0.059289   0.050821   0.996946   1.455773
  0.743929  -0.564063  -0.358333  -4.669526
  0.632483   0.767415   0.105073  -0.404501
  0.215722  -0.304807   0.927662   0.476967
  0.354872   0.093484  -0.930229   1.611025
  0.724600   0.601239   0.336849   2.735271
  0.590780  -0.793582   0.145625  12.514448
  0.898961  -0.436172  -0.040301  -0.323974
  0.437644   0.890498   0.124421  -3.948441
 -0.018381  -0.129487   0.991411   1.943388
  0.966220  -0.257302   0.014675  -3.384920
  0.244615   0.933525   0.262096  -3.701406
 -0.081137  -0.249653   0.964930   2.726667
  0.921972  -0.116239   0.369399  -3.702843
  0.014373   0.963502   0.267314   1.074364
 -0.386989  -0.241147   0.889993  -2.331301
  0.569852   0.657281   0.493204  -1.090399
 -0.075185   0.639375  -0.765210  -1.187210
 -0.818301   0.398975   0.413767   2.755216
  0.952142  -0.298892   0.063948   1.624584
  0.304650   0.944969  -0.119252   5.253956
 -0.024786   0.133027   0.990802   4.158235
  0.469282   0.545162   0.694675   0.481097
 -0.695802   0.712668  -0.089239   3.690778
 -0.543723  -0.441478   0.713767   1.162054
  0.664312  -0.250084   0.704378   0.881444
  0.529234   0.822842  -0.206986   2.061749
 -0.527827   0.510284   0.678976   1.254200
  0.759070  -0.637166  -0.133533   1.250436
  0.411792   0.628805  -0.659569   1.467879
  0.504222   0.445671   0.739687  -5.575980
  0.963645   0.235127   0.126899   4.241222
 -0.215178   0.401406   0.890265   3.171766
  0.158387  -0.885205   0.437407   4.499578
  0.981159  -0.026030   0.191439   0.069283
  0.117738   0.866187  -0.485652  -6.470081
 -0.153180   0.499041   0.852933   1.635553
  0.894110  -0.370191   0.252042   9.383919
  0.257634   0.885506   0.386657  -1.481699
 -0.366322  -0.280779   0.887114   2.684535
  0.911076  -0.277162   0.305159   0.262594
  0.310948   0.948041  -0.067298 -12.519287
 -0.270651   0.156203   0.949920  -0.200835
  0.926660   0.370432  -0.063882   5.164268
 -0.352157   0.796061  -0.492211  -2.260721
 -0.131476   0.478609   0.868129   2.036666
  0.725946  -0.679699   0.104936   5.165793
  0.677098   0.733085   0.064231   1.709842
 -0.120585   0.024424   0.992403   3.476305
  0.967831  -0.020538  -0.250760   3.095642
  0.178965   0.756731   0.628752  -2.902184
  0.176844  -0.653404   0.736064   4.926624
  0.787559  -0.521735   0.327937  -0.610452
  0.570461   0.818526  -0.067751  -0.505990
 -0.233077   0.240433   0.942267   0.738436
  0.057988  -0.753677  -0.654682   0.586711
  0.709437   0.492496  -0.504129  -4.414717
  0.702379  -0.435223   0.563245  -3.338117
  0.620420   0.751977   0.222734   0.416811
 -0.715243   0.659019  -0.232638   3.560533
 -0.321724  -0.014976   0.946715   2.066683
  0.463558   0.646966   0.605433  -2.678217
 -0.882137   0.401247   0.246648   0.968973
 -0.083355  -0.648411   0.756714  -1.751127
  0.413259   0.139056  -0.899934  -3.193193
 -0.302225   0.953199   0.008501  -1.570546
  0.858998   0.268469   0.435944  -3.276736
  0.834128   0.298918   0.463550  -0.285681
 -0.410697   0.897584   0.160219   1.120110
 -0.368183  -0.324022   0.871465   1.823117
  0.986582  -0.151404  -0.061091  -2.801075
  0.162367   0.870718   0.464205  -1.785838
 -0.017090  -0.467895   0.883619  -1.111712
  0.598265  -0.279981  -0.750793  -1.338005
  0.034983   0.945203  -0.324603  -6.715171
  0.800534   0.167934   0.575276  -4.537430
  0.622292  -0.754298   0.209253   2.344929
  0.772495   0.548561  -0.319896   0.968718
  0.126509   0.360716   0.924056  -0.964017
  0.582219   0.802719   0.129088   6.730606
 -0.281095   0.347723  -0.894469   1.015433
 -0.762894   0.484491   0.428091   2.911483
  0.828872   0.527058  -0.187565  -1.559113
 -0.466117   0.836038   0.289440  -5.848234
  0.309363  -0.152482   0.938639  -0.983523
